vZome VEF 6 field golden
 scale  (1/2,0) 

19
(0,0)  (-1,-1)  (-1,0)  (4,2) 
(0,0)  (2,-4)  (-5,8)  (1,1) 
(0,0)  (1,-2)  (2,-3)  (2,-2) 
(0,0)  (2,-4)  (-1,2)  (0,1) 
(0,0)  (-1,0)  (-1,0)  (1,6) 
(0,0)  (-2,1)  (1,-3)  (2,4) 
(0,0)  (-6,15/2)  (7/2,-7)  (3/2,7/2) 
(0,0)  (-3,3)  (2,-4)  (-3,11) 
(0,0)  (-2,1)  (-3,3)  (2,4) 
(0,0)  (-3,3)  (0,-2)  (4,1) 
(0,0)  (-3,3)  (4,-8)  (3,1) 
(0,0)  (5,-17/2)  (-9/2,7)  (5/2,-3/2) 
(0,0)  (0,-3/2)  (5/2,-5)  (-3/2,17/2) 
(0,0)  (2,-4)  (-3,4)  (7,-9) 
(0,0)  (-1,1/2)  (-7/2,5)  (11/2,-13/2) 
(0,0)  (0,-1)  (0,0)  (3,-4) 
(0,0)  (-3,3)  (-2,2)  (4,1) 
(0,0)  (1,-2)  (-2,3)  (2,-2) 
(0,0)  (2,-4)  (1,-2)  (0,1) 



0



20
3 1 2 3
3 6 5 7
3 9 8 10
3 10 8 6
3 8 5 6
4 11 1 7 12
4 13 10 6 14
4 15 14 1 3
3 12 7 16
3 13 17 11
3 16 7 5
3 2 1 11
3 11 17 2
3 13 18 17
3 18 14 15
4 7 1 14 6
3 13 14 18
4 10 12 4 9
3 4 12 16
4 10 13 11 12



10
 0 4 5 8 10 7 16 9 6 12

tip 0
