vZome VEF 6 field golden
scale (1/2,0)

17
(0,0)  (0,1)  (-2,4)  (1,4) 
(0,0)  (2,-3)  (2,-2)  (1,4) 
(0,0)  (0,0)  (-1,2)  (2,1) 
(0,0)  (0,0)  (3,-4)  (2,1) 
(0,0)  (3,-5)  (1,-1)  (1,1) 
(0,0)  (3,-5)  (-3,5)  (1,1) 
(0,0)  (2,-3)  (-2,4)  (1,4) 
(0,0)  (1,-2)  (2,-3)  (2,-2) 
(0,0)  (1,-2)  (-2,3)  (2,-2) 
(0,0)  (1,-1)  (1,-1)  (1,1) 
(0,0)  (-1,2)  (2,-3)  (2,-2) 
(0,0)  (0,1)  (2,-2)  (1,4) 
(0,0)  (-2,4)  (-1,2)  (2,1) 
(0,0)  (-2,4)  (3,-4)  (2,1) 
(0,0)  (1,-1)  (-3,5)  (1,1) 
(0,0)  (-1,2)  (-2,3)  (2,-2) 
(0,0)  (1,-1)  (0,1)  (3,2) 



0



12
4 2 3 4 5
4 6 1 3 2
4 5 4 7 8
4 4 9 10 7
4 11 13 3 1
4 2 5 14 12
4 4 3 13 9
4 14 5 8 15
4 12 13 11 0
4 6 2 12 0
4 14 9 13 12
4 15 10 9 14



9
 0 1 2 6 11 12 16 3 13

tip 16
