vZome VEF 6 field golden

15
(0,0) (-1/2,1) (0,1) (-1/2,1/2)
(0,0) (-1/2,1) (0,1) (1/2,-1/2)
(0,0) (-1/2,3/2) (1/2,0) (0,0)
(0,0) (1/2,0) (1,0) (-1/2,1/2)
(0,0) (1/2,0) (1,0) (1/2,-1/2)
(0,0) (-1/2,2) (1,0) (-1/2,1/2)
(0,0) (-1/2,2) (1,0) (1/2,-1/2)
(0,0) (5/2,-1) (2,2) (-1/2,1/2)
(0,0) (5/2,-1) (2,2) (1/2,-1/2)
(0,0) (3/2,1) (2,2) (-1/2,1/2)
(0,0) (3/2,1) (2,2) (1/2,-1/2)
(0,0) (5/2,-1/2) (5/2,2) (0,0)
(0,0) (5/2,0) (3,1) (-1/2,1/2)
(0,0) (5/2,0) (3,1) (1/2,-1/2)
(0,0) (2,1) (3,2) (0,0)



0



16
3  0 3 5 
3  1 0 2 
3  1 2 6 
3  5 2 0 
3  6 4 1 
3  9 7 12 
3  11 12 7 
3  13 8 10 
3  13 11 8 
3  13 12 11 
4  1 4 3 0 
4  5 3 7 9 
4  10 8 4 6 
4  12 13 10 9 
5  3 4 8 11 7 
5  6 2 5 9 10 



8
7 8 9 10 11 12 13 14 


tip 14

