vZome VEF 6 field golden
 scale  (0,1/2) 

15
(0,0)  (-2,0)  (-2,1)  (9,3) 
(0,0)  (1,-3)  (-1,0)  (8,2) 
(0,0)  (-2,2)  (-2,3)  (1,3) 
(0,0)  (0,0)  (-2,3)  (1,3) 
(0,0)  (1,-1)  (1,-2)  (0,2) 
(0,0)  (-1,1)  (1,-2)  (0,2) 
(0,0)  (-1,-1)  (-1,0)  (8,2) 
(0,0)  (1,-3)  (1,-4)  (8,2) 
(0,0)  (0,0)  (1,-3)  (1,0) 
(0,0)  (0,0)  (0,-1)  (1,3) 
(0,0)  (0,-2)  (-2,1)  (9,3) 
(0,0)  (-1,-1)  (-2,2)  (8,5) 
(0,0)  (-1,-1)  (1,-4)  (8,2) 
(0,0)  (-2,2)  (0,-1)  (1,3) 
(0,0)  (-1,-1)  (-1,-1)  (9,5) 



0



16
4 2 3 4 5
3 8 4 9
3 10 1 11
4 6 1 3 2
4 13 9 7 12
3 7 1 10
3 12 0 6
3 5 13 2
3 9 4 3
3 8 9 13
3 0 11 6
4 13 12 6 2
4 12 7 10 0
4 9 3 1 7
3 11 1 6
3 8 13 5



8
 0 1 6 7 12 11 14 10

tip 14
