vZome VEF 6 field golden
 scale  (1/2,0) 

21
(0,0)  (-1,2)  (1,-2)  (1,-2) 
(0,0)  (1,-1)  (0,0)  (-2,3) 
(0,0)  (1,-1)  (0,0)  (2,-3) 
(0,0)  (-1,2)  (1,-2)  (-1,2) 
(0,0)  (2,-3)  (-1,1)  (0,0) 
(0,0)  (0,0)  (2,-3)  (1,-1) 
(0,0)  (0,0)  (-2,3)  (1,-1) 
(0,0)  (-1,2)  (-1,2)  (-1,2) 
(0,0)  (1,-2)  (1,-2)  (-1,2) 
(0,0)  (1,-2)  (-1,2)  (-1,2) 
(0,0)  (-1,1)  (0,0)  (2,-3) 
(0,0)  (0,0)  (-2,3)  (-1,1) 
(0,0)  (0,0)  (2,-3)  (-1,1) 
(0,0)  (-1,2)  (-1,2)  (1,-2) 
(0,0)  (1,-2)  (1,-2)  (1,-2) 
(0,0)  (-2,3)  (-1,1)  (0,0) 
(0,0)  (-1,1)  (0,0)  (-2,3) 
(0,0)  (2,-3)  (1,-1)  (0,0) 
(0,0)  (1,-2)  (-1,2)  (1,-2) 
(0,0)  (0,0)  (0,0)  (0,0) 
(0,0)  (-2,3)  (1,-1)  (0,0) 



1
19 17



12
5 0 1 2 3 4
5 5 6 3 2 7
5 8 6 5 9 10
5 11 12 13 1 0
5 14 11 0 4 15
5 16 14 15 8 10
5 1 13 17 7 2
5 18 12 11 14 16
5 5 7 17 20 9
5 20 17 13 12 18
5 20 18 16 10 9
5 8 15 4 3 6



0


