vZome VEF 6 field golden
 scale  (1,-1) 

12
(0,0)  (6,4)  (0,0)  (6,4) 
(0,0)  (4,6)  (0,0)  (8,0) 
(0,0)  (8,0)  (-4,6)  (8,0) 
(0,0)  (8,1)  (0,0)  (8,1) 
(0,0)  (8,0)  (0,0)  (8,0) 
(0,0)  (8,0)  (0,0)  (4,6) 
(0,0)  (4,-5)  (0,0)  (0,1) 
(0,0)  (0,1)  (-4,6)  (0,1) 
(0,0)  (2,-3)  (0,0)  (2,-3) 
(0,0)  (0,1)  (4,-6)  (0,1) 
(0,0)  (8,0)  (4,-6)  (8,0) 
(0,0)  (0,1)  (0,0)  (4,-5) 



6
0 4
4 5
4 2
3 0
4 10
4 1



12
3 0 1 2
3 0 2 5
4 6 5 2 7
3 6 8 9
4 10 9 11 1
3 8 7 11
4 2 1 11 7
3 0 10 1
3 8 6 7
3 8 11 9
4 6 9 10 5
3 10 0 5



7
 3 2 4 1 10 5 0

tip 3
