vZome VEF 6 field golden
 scale  (1,-1) 

17
(0,0)  (33/2,-24)  (3/2,5)  (23/2,-22) 
(0,0)  (5,-5)  (7,-3)  (-3,1) 
(0,0)  (30,-45)  (-18,37)  (-2,-1) 
(0,0)  (29/2,-23)  (3/2,0)  (27/2,-23) 
(0,0)  (31/2,-22)  (5/2,3)  (25/2,-24) 
(0,0)  (27/2,-21)  (5/2,-2)  (29/2,-25) 
(0,0)  (3,-1)  (7,-3)  (-5,5) 
(0,0)  (-27/2,23)  (3/2,0)  (-29/2,23) 
(0,0)  (-28,46)  (22,-34)  (0,0) 
(0,0)  (-29/2,25)  (5/2,-2)  (-27/2,21) 
(0,0)  (0,0)  (22,-34)  (28,-46) 
(0,0)  (2,1)  (-18,37)  (-30,45) 
(0,0)  (-23/2,22)  (3/2,5)  (-33/2,24) 
(0,0)  (-25/2,24)  (5/2,3)  (-31/2,22) 
(0,0)  (2,1)  (4,3)  (-2,-1) 
(0,0)  (-3,6)  (-3,6)  (1,-2) 
(0,0)  (-1,2)  (-3,6)  (3,-6) 



0



16
3 0 1 2
4 3 0 4 5
3 7 8 9
4 10 8 7 3
3 11 12 13
4 4 13 9 5
4 3 7 12 0
4 12 7 9 13
4 5 9 15 16
3 11 6 12
3 0 2 4
4 2 11 13 4
3 10 3 5
3 8 15 9
3 10 5 16
4 0 12 6 1



9
 0 6 11 13 14 2 12 1 4

tip 14
