vZome VEF 6 field golden
 scale  (1,-1) 

11
(0,0)  (0,12)  (0,0)  (4,-6) 
(0,0)  (0,12)  (4,-6)  (0,0) 
(0,0)  (6,-8)  (4,-6)  (0,0) 
(0,0)  (6,-8)  (0,0)  (4,-6) 
(0,0)  (2,10)  (0,0)  (0,0) 
(0,0)  (0,12)  (0,0)  (-4,6) 
(0,0)  (0,12)  (-4,6)  (0,0) 
(0,0)  (6,-8)  (-4,6)  (0,0) 
(0,0)  (4,-6)  (0,0)  (0,0) 
(0,0)  (6,-8)  (0,0)  (-4,6) 
(0,0)  (6,4)  (0,0)  (0,0) 



0



12
4 0 1 2 3
3 4 1 0
3 7 8 9
3 7 3 8
3 3 2 8
4 6 0 3 7
4 5 6 7 9
3 8 2 9
3 6 4 0
4 1 5 9 2
3 5 1 4
3 6 5 4



6
 4 5 6 0 1 10

tip 10
