vZome VEF 6 field golden
 scale  (1,-1) 

480
(0,0)  (-9/5,16/5)  (-3,6)  (-3,6) 
(0,0)  (2,-3)  (-84,137)  (-84,137) 
(0,0)  (0,0)  (-44,72)  (-124,202) 
(0,0)  (0,0)  (-44,72)  (38,-60) 
(0,0)  (1303/5,-2109/5)  (-695,1123)  (2043/5,-3309/5) 
(0,0)  (0,0)  (-22,34)  (28,-46) 
(0,0)  (28,-46)  (-22,34)  (0,0) 
(0,0)  (2043/5,-3309/5)  (-695,1123)  (1303/5,-2109/5) 
(0,0)  (22,-34)  (0,0)  (38,-62) 
(0,0)  (106,-170)  (0,0)  (-46,74) 
(0,0)  (106,-170)  (-46,74)  (0,0) 
(0,0)  (22,-34)  (38,-62)  (0,0) 
(0,0)  (46,-74)  (0,0)  (34,-56) 
(0,0)  (0,0)  (-46,74)  (34,-56) 
(0,0)  (741/5,-1198/5)  (-971/5,1568/5)  (365,-592) 
(0,0)  (971/5,-1568/5)  (-741/5,1198/5)  (365,-592) 
(0,0)  (-3,6)  (-3,6)  (9/5,-16/5) 
(0,0)  (-84,137)  (-84,137)  (-2,3) 
(0,0)  (-124,202)  (-44,72)  (0,0) 
(0,0)  (38,-60)  (-44,72)  (0,0) 
(0,0)  (-6,9)  (2,-3)  (6,-9) 
(0,0)  (-46,74)  (0,0)  (-34,56) 
(0,0)  (44,-72)  (0,0)  (-124,202) 
(0,0)  (84,-137)  (2,-3)  (-84,137) 
(0,0)  (0,0)  (34,-56)  (-46,74) 
(0,0)  (46,-74)  (34,-56)  (0,0) 
(0,0)  (971/5,-1568/5)  (365,-592)  (-741/5,1198/5) 
(0,0)  (741/5,-1198/5)  (365,-592)  (-971/5,1568/5) 
(0,0)  (-6,9)  (6,-9)  (-2,3) 
(0,0)  (-6,9)  (2,-3)  (-6,9) 
(0,0)  (0,-1)  (-4,7)  (0,-1) 
(0,0)  (0,-1)  (0,1)  (4,-7) 
(0,0)  (-38,60)  (44,-72)  (0,0) 
(0,0)  (124,-202)  (44,-72)  (0,0) 
(0,0)  (84,-137)  (84,-137)  (2,-3) 
(0,0)  (3,-6)  (3,-6)  (-9/5,16/5) 
(0,0)  (44,-72)  (38,-60)  (0,0) 
(0,0)  (28,-46)  (22,-34)  (0,0) 
(0,0)  (3,-6)  (-3,6)  (1,-2) 
(0,0)  (3,-6)  (-3,6)  (9/5,-16/5) 
(0,0)  (-38,60)  (0,0)  (-44,72) 
(0,0)  (-22,34)  (0,0)  (-28,46) 
(0,0)  (3,-6)  (1,-2)  (-3,6) 
(0,0)  (3,-6)  (9/5,-16/5)  (-3,6) 
(0,0)  (38,-60)  (0,0)  (44,-72) 
(0,0)  (22,-34)  (0,0)  (28,-46) 
(0,0)  (-3,6)  (1,-2)  (3,-6) 
(0,0)  (-3,6)  (9/5,-16/5)  (3,-6) 
(0,0)  (-1303/5,2109/5)  (-2043/5,3309/5)  (-695,1123) 
(0,0)  (741/5,-1198/5)  (971/5,-1568/5)  (365,-592) 
(0,0)  (971/5,-1568/5)  (741/5,-1198/5)  (365,-592) 
(0,0)  (-2043/5,3309/5)  (-1303/5,2109/5)  (-695,1123) 
(0,0)  (-46,74)  (0,0)  (34,-56) 
(0,0)  (-6,9)  (-2,3)  (-6,9) 
(0,0)  (-771/5,1243/5)  (-751/5,1213/5)  (325,-527) 
(0,0)  (-971/5,1568/5)  (-741/5,1198/5)  (365,-592) 
(0,0)  (6,-9)  (2,-3)  (6,-9) 
(0,0)  (2,-3)  (6,-9)  (6,-9) 
(0,0)  (-4,7)  (0,1)  (0,1) 
(0,0)  (0,1)  (-4,7)  (0,1) 
(0,0)  (1333/5,-2159/5)  (-565,913)  (-1393/5,2259/5) 
(0,0)  (1,-2)  (3,-6)  (-3,6) 
(0,0)  (3,-6)  (3,-6)  (-1,2) 
(0,0)  (1393/5,-2259/5)  (-565,913)  (-1333/5,2159/5) 
(0,0)  (34,-56)  (46,-74)  (0,0) 
(0,0)  (-6,9)  (6,-9)  (2,-3) 
(0,0)  (325,-527)  (771/5,-1243/5)  (751/5,-1213/5) 
(0,0)  (365,-592)  (971/5,-1568/5)  (741/5,-1198/5) 
(0,0)  (38,-62)  (0,0)  (22,-34) 
(0,0)  (28,-46)  (0,0)  (22,-34) 
(0,0)  (0,0)  (28,-46)  (22,-34) 
(0,0)  (0,0)  (38,-62)  (22,-34) 
(0,0)  (3,-6)  (3,-6)  (9/5,-16/5) 
(0,0)  (3,-6)  (3,-6)  (1,-2) 
(0,0)  (44,-72)  (-38,60)  (0,0) 
(0,0)  (565,-913)  (-1393/5,2259/5)  (-1333/5,2159/5) 
(0,0)  (-3,6)  (-3,6)  (-1,2) 
(0,0)  (-3,6)  (-1,2)  (-3,6) 
(0,0)  (565,-913)  (-1333/5,2159/5)  (-1393/5,2259/5) 
(0,0)  (-46,74)  (0,0)  (106,-170) 
(0,0)  (0,0)  (46,-74)  (106,-170) 
(0,0)  (0,0)  (-38,62)  (22,-34) 
(0,0)  (-22,34)  (28,-46)  (0,0) 
(0,0)  (-5,7)  (5,-7)  (17,-27) 
(0,0)  (3,-6)  (-3,6)  (-1,2) 
(0,0)  (3,-6)  (-1,2)  (-3,6) 
(0,0)  (-5,7)  (17,-27)  (5,-7) 
(0,0)  (0,0)  (46,-74)  (-34,56) 
(0,0)  (46,-74)  (0,0)  (-34,56) 
(0,0)  (46,-74)  (0,0)  (106,-170) 
(0,0)  (-741/5,1198/5)  (971/5,-1568/5)  (-365,592) 
(0,0)  (-751/5,1213/5)  (771/5,-1243/5)  (-325,527) 
(0,0)  (-2,3)  (6,-9)  (6,-9) 
(0,0)  (0,0)  (44,-72)  (38,-60) 
(0,0)  (9/5,-16/5)  (3,-6)  (-3,6) 
(0,0)  (-751/5,1213/5)  (-325,527)  (771/5,-1243/5) 
(0,0)  (-771/5,1243/5)  (-325,527)  (751/5,-1213/5) 
(0,0)  (-28,46)  (-22,34)  (0,0) 
(0,0)  (-2043/5,3309/5)  (-695,1123)  (1303/5,-2109/5) 
(0,0)  (-1393/5,2259/5)  (-565,913)  (1333/5,-2159/5) 
(0,0)  (-3,6)  (3,-6)  (1,-2) 
(0,0)  (2043/5,-3309/5)  (695,-1123)  (-1303/5,2109/5) 
(0,0)  (1393/5,-2259/5)  (565,-913)  (-1333/5,2159/5) 
(0,0)  (46,-74)  (-34,56)  (0,0) 
(0,0)  (0,0)  (-34,56)  (-46,74) 
(0,0)  (741/5,-1198/5)  (-365,592)  (-971/5,1568/5) 
(0,0)  (971/5,-1568/5)  (-365,592)  (-741/5,1198/5) 
(0,0)  (2043/5,-3309/5)  (-1303/5,2109/5)  (-695,1123) 
(0,0)  (-971/5,1568/5)  (741/5,-1198/5)  (365,-592) 
(0,0)  (-741/5,1198/5)  (971/5,-1568/5)  (365,-592) 
(0,0)  (1303/5,-2109/5)  (-2043/5,3309/5)  (-695,1123) 
(0,0)  (-46,74)  (34,-56)  (0,0) 
(0,0)  (-6,9)  (-6,9)  (-2,3) 
(0,0)  (84,-137)  (84,-137)  (-2,3) 
(0,0)  (44,-72)  (124,-202)  (0,0) 
(0,0)  (-771/5,1243/5)  (325,-527)  (751/5,-1213/5) 
(0,0)  (-6,9)  (-6,9)  (2,-3) 
(0,0)  (-2,3)  (-6,9)  (6,-9) 
(0,0)  (-751/5,1213/5)  (325,-527)  (771/5,-1243/5) 
(0,0)  (-695,1123)  (-2043/5,3309/5)  (1303/5,-2109/5) 
(0,0)  (-22,34)  (-28,46)  (0,0) 
(0,0)  (-565,913)  (-1393/5,2259/5)  (1333/5,-2159/5) 
(0,0)  (9/5,-16/5)  (-3,6)  (3,-6) 
(0,0)  (-2,3)  (-84,137)  (84,-137) 
(0,0)  (0,0)  (-44,72)  (124,-202) 
(0,0)  (0,0)  (-44,72)  (-38,60) 
(0,0)  (2043/5,-3309/5)  (-695,1123)  (-1303/5,2109/5) 
(0,0)  (0,0)  (-22,34)  (-28,46) 
(0,0)  (1303/5,-2109/5)  (-695,1123)  (-2043/5,3309/5) 
(0,0)  (-34,56)  (0,0)  (-46,74) 
(0,0)  (-34,56)  (-46,74)  (0,0) 
(0,0)  (-44,72)  (0,0)  (-38,60) 
(0,0)  (-28,46)  (0,0)  (-22,34) 
(0,0)  (-3,6)  (-1,2)  (3,-6) 
(0,0)  (-3,6)  (-9/5,16/5)  (3,-6) 
(0,0)  (2,-3)  (-6,9)  (-6,9) 
(0,0)  (751/5,-1213/5)  (-771/5,1243/5)  (325,-527) 
(0,0)  (-34,56)  (46,-74)  (0,0) 
(0,0)  (-365,592)  (971/5,-1568/5)  (-741/5,1198/5) 
(0,0)  (-365,592)  (741/5,-1198/5)  (-971/5,1568/5) 
(0,0)  (0,0)  (-46,74)  (-34,56) 
(0,0)  (2,-3)  (-6,9)  (6,-9) 
(0,0)  (2,-3)  (84,-137)  (-84,137) 
(0,0)  (0,0)  (44,-72)  (-124,202) 
(0,0)  (5,-7)  (-5,7)  (-17,27) 
(0,0)  (-1,2)  (3,-6)  (3,-6) 
(0,0)  (17,-27)  (-5,7)  (-5,7) 
(0,0)  (971/5,-1568/5)  (365,-592)  (741/5,-1198/5) 
(0,0)  (771/5,-1243/5)  (325,-527)  (751/5,-1213/5) 
(0,0)  (6,-9)  (-6,9)  (2,-3) 
(0,0)  (-325,527)  (751/5,-1213/5)  (771/5,-1243/5) 
(0,0)  (6,-9)  (6,-9)  (2,-3) 
(0,0)  (-325,527)  (771/5,-1243/5)  (751/5,-1213/5) 
(0,0)  (-741/5,1198/5)  (365,-592)  (-971/5,1568/5) 
(0,0)  (-971/5,1568/5)  (365,-592)  (-741/5,1198/5) 
(0,0)  (0,0)  (38,-60)  (44,-72) 
(0,0)  (0,0)  (22,-34)  (28,-46) 
(0,0)  (-1,2)  (-3,6)  (3,-6) 
(0,0)  (-9/5,16/5)  (-3,6)  (3,-6) 
(0,0)  (34,-56)  (-46,74)  (0,0) 
(0,0)  (771/5,-1243/5)  (-325,527)  (-751/5,1213/5) 
(0,0)  (-1393/5,2259/5)  (565,-913)  (1333/5,-2159/5) 
(0,0)  (-1333/5,2159/5)  (565,-913)  (1393/5,-2259/5) 
(0,0)  (751/5,-1213/5)  (-325,527)  (-771/5,1243/5) 
(0,0)  (-1333/5,2159/5)  (1393/5,-2259/5)  (-565,913) 
(0,0)  (-1303/5,2109/5)  (2043/5,-3309/5)  (-695,1123) 
(0,0)  (-22,34)  (0,0)  (-38,62) 
(0,0)  (-22,34)  (-38,62)  (0,0) 
(0,0)  (-771/5,1243/5)  (751/5,-1213/5)  (325,-527) 
(0,0)  (1393/5,-2259/5)  (-1333/5,2159/5)  (-565,913) 
(0,0)  (1333/5,-2159/5)  (-1393/5,2259/5)  (-565,913) 
(0,0)  (-751/5,1213/5)  (771/5,-1243/5)  (325,-527) 
(0,0)  (-2,3)  (6,-9)  (-6,9) 
(0,0)  (0,0)  (-124,202)  (44,-72) 
(0,0)  (565,-913)  (-1333/5,2159/5)  (1393/5,-2259/5) 
(0,0)  (-325,527)  (751/5,-1213/5)  (-771/5,1243/5) 
(0,0)  (695,-1123)  (-1303/5,2109/5)  (2043/5,-3309/5) 
(0,0)  (-2,3)  (-84,137)  (-84,137) 
(0,0)  (9/5,-16/5)  (-3,6)  (-3,6) 
(0,0)  (0,1)  (0,-1)  (4,-7) 
(0,0)  (0,1)  (4,-7)  (0,-1) 
(0,0)  (5,-7)  (-17,27)  (-5,7) 
(0,0)  (-741/5,1198/5)  (365,-592)  (971/5,-1568/5) 
(0,0)  (0,0)  (34,-56)  (46,-74) 
(0,0)  (-46,74)  (-34,56)  (0,0) 
(0,0)  (0,0)  (-34,56)  (46,-74) 
(0,0)  (-741/5,1198/5)  (-365,592)  (971/5,-1568/5) 
(0,0)  (-971/5,1568/5)  (-365,592)  (741/5,-1198/5) 
(0,0)  (106,-170)  (0,0)  (46,-74) 
(0,0)  (22,-34)  (0,0)  (-38,62) 
(0,0)  (-9/5,16/5)  (3,-6)  (3,-6) 
(0,0)  (2,-3)  (84,-137)  (84,-137) 
(0,0)  (0,0)  (44,-72)  (124,-202) 
(0,0)  (0,0)  (44,-72)  (-38,60) 
(0,0)  (0,0)  (22,-34)  (-38,62) 
(0,0)  (0,0)  (22,-34)  (-28,46) 
(0,0)  (-28,46)  (22,-34)  (0,0) 
(0,0)  (-38,62)  (22,-34)  (0,0) 
(0,0)  (-1333/5,2159/5)  (-565,913)  (1393/5,-2259/5) 
(0,0)  (0,0)  (-38,62)  (-22,34) 
(0,0)  (0,0)  (-28,46)  (-22,34) 
(0,0)  (-38,62)  (0,0)  (-22,34) 
(0,0)  (771/5,-1243/5)  (325,-527)  (-751/5,1213/5) 
(0,0)  (84,-137)  (-2,3)  (-84,137) 
(0,0)  (124,-202)  (0,0)  (-44,72) 
(0,0)  (-771/5,1243/5)  (325,-527)  (-751/5,1213/5) 
(0,0)  (-3,6)  (-9/5,16/5)  (-3,6) 
(0,0)  (-84,137)  (2,-3)  (-84,137) 
(0,0)  (-124,202)  (0,0)  (-44,72) 
(0,0)  (38,-60)  (0,0)  (-44,72) 
(0,0)  (0,-1)  (0,1)  (-4,7) 
(0,0)  (4,-7)  (0,1)  (0,1) 
(0,0)  (-17,27)  (5,-7)  (5,-7) 
(0,0)  (771/5,-1243/5)  (-325,527)  (751/5,-1213/5) 
(0,0)  (971/5,-1568/5)  (-365,592)  (741/5,-1198/5) 
(0,0)  (22,-34)  (-28,46)  (0,0) 
(0,0)  (-3,6)  (-3,6)  (1,-2) 
(0,0)  (-695,1123)  (2043/5,-3309/5)  (1303/5,-2109/5) 
(0,0)  (-22,34)  (0,0)  (28,-46) 
(0,0)  (-695,1123)  (1303/5,-2109/5)  (2043/5,-3309/5) 
(0,0)  (-28,46)  (0,0)  (22,-34) 
(0,0)  (-38,62)  (0,0)  (22,-34) 
(0,0)  (-34,56)  (0,0)  (46,-74) 
(0,0)  (-365,592)  (741/5,-1198/5)  (971/5,-1568/5) 
(0,0)  (-365,592)  (971/5,-1568/5)  (741/5,-1198/5) 
(0,0)  (365,-592)  (971/5,-1568/5)  (-741/5,1198/5) 
(0,0)  (325,-527)  (771/5,-1243/5)  (-751/5,1213/5) 
(0,0)  (-1303/5,2109/5)  (2043/5,-3309/5)  (695,-1123) 
(0,0)  (-1,2)  (3,-6)  (-3,6) 
(0,0)  (-1333/5,2159/5)  (1393/5,-2259/5)  (565,-913) 
(0,0)  (-2043/5,3309/5)  (695,-1123)  (1303/5,-2109/5) 
(0,0)  (971/5,-1568/5)  (-741/5,1198/5)  (-365,592) 
(0,0)  (771/5,-1243/5)  (-751/5,1213/5)  (-325,527) 
(0,0)  (-1393/5,2259/5)  (1333/5,-2159/5)  (565,-913) 
(0,0)  (-2043/5,3309/5)  (1303/5,-2109/5)  (695,-1123) 
(0,0)  (-1393/5,2259/5)  (1333/5,-2159/5)  (-565,913) 
(0,0)  (771/5,-1243/5)  (-751/5,1213/5)  (325,-527) 
(0,0)  (-2043/5,3309/5)  (1303/5,-2109/5)  (-695,1123) 
(0,0)  (325,-527)  (751/5,-1213/5)  (771/5,-1243/5) 
(0,0)  (751/5,-1213/5)  (325,-527)  (771/5,-1243/5) 
(0,0)  (5,-7)  (17,-27)  (5,-7) 
(0,0)  (5,-7)  (5,-7)  (17,-27) 
(0,0)  (-695,1123)  (2043/5,-3309/5)  (-1303/5,2109/5) 
(0,0)  (365,-592)  (-971/5,1568/5)  (741/5,-1198/5) 
(0,0)  (365,-592)  (-741/5,1198/5)  (971/5,-1568/5) 
(0,0)  (-695,1123)  (1303/5,-2109/5)  (-2043/5,3309/5) 
(0,0)  (2043/5,-3309/5)  (-1303/5,2109/5)  (695,-1123) 
(0,0)  (1393/5,-2259/5)  (-1333/5,2159/5)  (565,-913) 
(0,0)  (-971/5,1568/5)  (365,-592)  (741/5,-1198/5) 
(0,0)  (6,-9)  (2,-3)  (-6,9) 
(0,0)  (771/5,-1243/5)  (751/5,-1213/5)  (325,-527) 
(0,0)  (0,0)  (106,-170)  (46,-74) 
(0,0)  (-46,74)  (106,-170)  (0,0) 
(0,0)  (38,-62)  (22,-34)  (0,0) 
(0,0)  (0,0)  (-124,202)  (-44,72) 
(0,0)  (34,-56)  (0,0)  (-46,74) 
(0,0)  (-106,170)  (0,0)  (-46,74) 
(0,0)  (-106,170)  (-46,74)  (0,0) 
(0,0)  (3,-6)  (-1,2)  (3,-6) 
(0,0)  (1,-2)  (-3,6)  (3,-6) 
(0,0)  (2,-3)  (-84,137)  (84,-137) 
(0,0)  (28,-46)  (0,0)  (-22,34) 
(0,0)  (2043/5,-3309/5)  (1303/5,-2109/5)  (-695,1123) 
(0,0)  (1393/5,-2259/5)  (1333/5,-2159/5)  (-565,913) 
(0,0)  (3,-6)  (1,-2)  (3,-6) 
(0,0)  (695,-1123)  (1303/5,-2109/5)  (-2043/5,3309/5) 
(0,0)  (-365,592)  (-741/5,1198/5)  (971/5,-1568/5) 
(0,0)  (-365,592)  (-971/5,1568/5)  (741/5,-1198/5) 
(0,0)  (695,-1123)  (2043/5,-3309/5)  (-1303/5,2109/5) 
(0,0)  (38,-60)  (44,-72)  (0,0) 
(0,0)  (-124,202)  (44,-72)  (0,0) 
(0,0)  (-84,137)  (84,-137)  (-2,3) 
(0,0)  (-3,6)  (3,-6)  (9/5,-16/5) 
(0,0)  (22,-34)  (-38,62)  (0,0) 
(0,0)  (-1393/5,2259/5)  (-565,913)  (-1333/5,2159/5) 
(0,0)  (-2043/5,3309/5)  (-695,1123)  (-1303/5,2109/5) 
(0,0)  (6,-9)  (-2,3)  (-6,9) 
(0,0)  (-124,202)  (0,0)  (44,-72) 
(0,0)  (-84,137)  (-2,3)  (84,-137) 
(0,0)  (5,-7)  (-5,7)  (17,-27) 
(0,0)  (0,1)  (0,-1)  (-4,7) 
(0,0)  (-4,7)  (0,-1)  (0,1) 
(0,0)  (17,-27)  (-5,7)  (5,-7) 
(0,0)  (-741/5,1198/5)  (-971/5,1568/5)  (365,-592) 
(0,0)  (1303/5,-2109/5)  (695,-1123)  (-2043/5,3309/5) 
(0,0)  (44,-72)  (0,0)  (-38,60) 
(0,0)  (3,-6)  (9/5,-16/5)  (3,-6) 
(0,0)  (365,-592)  (-741/5,1198/5)  (-971/5,1568/5) 
(0,0)  (325,-527)  (-751/5,1213/5)  (-771/5,1243/5) 
(0,0)  (-695,1123)  (-1303/5,2109/5)  (2043/5,-3309/5) 
(0,0)  (-2,3)  (-6,9)  (-6,9) 
(0,0)  (0,-1)  (4,-7)  (0,-1) 
(0,0)  (4,-7)  (0,-1)  (0,-1) 
(0,0)  (3,-6)  (-9/5,16/5)  (-3,6) 
(0,0)  (-44,72)  (0,0)  (38,-60) 
(0,0)  (-3,6)  (1,-2)  (-3,6) 
(0,0)  (-3,6)  (9/5,-16/5)  (-3,6) 
(0,0)  (0,0)  (28,-46)  (-22,34) 
(0,0)  (1303/5,-2109/5)  (2043/5,-3309/5)  (-695,1123) 
(0,0)  (-565,913)  (-1393/5,2259/5)  (-1333/5,2159/5) 
(0,0)  (-695,1123)  (-2043/5,3309/5)  (-1303/5,2109/5) 
(0,0)  (9/5,-16/5)  (3,-6)  (3,-6) 
(0,0)  (-2,3)  (84,-137)  (84,-137) 
(0,0)  (0,0)  (124,-202)  (44,-72) 
(0,0)  (0,0)  (-38,60)  (44,-72) 
(0,0)  (2043/5,-3309/5)  (1303/5,-2109/5)  (695,-1123) 
(0,0)  (-971/5,1568/5)  (-741/5,1198/5)  (-365,592) 
(0,0)  (-741/5,1198/5)  (-971/5,1568/5)  (-365,592) 
(0,0)  (1303/5,-2109/5)  (2043/5,-3309/5)  (695,-1123) 
(0,0)  (-565,913)  (1393/5,-2259/5)  (-1333/5,2159/5) 
(0,0)  (-565,913)  (1333/5,-2159/5)  (-1393/5,2259/5) 
(0,0)  (-751/5,1213/5)  (-771/5,1243/5)  (-325,527) 
(0,0)  (-6,9)  (-2,3)  (6,-9) 
(0,0)  (-771/5,1243/5)  (-751/5,1213/5)  (-325,527) 
(0,0)  (-1393/5,2259/5)  (-1333/5,2159/5)  (-565,913) 
(0,0)  (0,1)  (0,1)  (-4,7) 
(0,0)  (0,-1)  (-4,7)  (0,1) 
(0,0)  (-971/5,1568/5)  (741/5,-1198/5)  (-365,592) 
(0,0)  (-771/5,1243/5)  (751/5,-1213/5)  (-325,527) 
(0,0)  (0,1)  (4,-7)  (0,1) 
(0,0)  (5,-7)  (-17,27)  (5,-7) 
(0,0)  (751/5,-1213/5)  (-771/5,1243/5)  (-325,527) 
(0,0)  (1,-2)  (3,-6)  (3,-6) 
(0,0)  (1333/5,-2159/5)  (1393/5,-2259/5)  (-565,913) 
(0,0)  (741/5,-1198/5)  (-971/5,1568/5)  (-365,592) 
(0,0)  (1393/5,-2259/5)  (-565,913)  (1333/5,-2159/5) 
(0,0)  (1333/5,-2159/5)  (-565,913)  (1393/5,-2259/5) 
(0,0)  (5,-7)  (5,-7)  (-17,27) 
(0,0)  (5,-7)  (17,-27)  (-5,7) 
(0,0)  (695,-1123)  (-1303/5,2109/5)  (-2043/5,3309/5) 
(0,0)  (741/5,-1198/5)  (365,-592)  (971/5,-1568/5) 
(0,0)  (-1303/5,2109/5)  (-695,1123)  (-2043/5,3309/5) 
(0,0)  (0,0)  (-22,34)  (38,-62) 
(0,0)  (0,0)  (-106,170)  (-46,74) 
(0,0)  (-46,74)  (-106,170)  (0,0) 
(0,0)  (38,-62)  (-22,34)  (0,0) 
(0,0)  (0,0)  (-46,74)  (106,-170) 
(0,0)  (-38,62)  (-22,34)  (0,0) 
(0,0)  (0,0)  (-22,34)  (-38,62) 
(0,0)  (-3,6)  (-3,6)  (-9/5,16/5) 
(0,0)  (-84,137)  (-84,137)  (2,-3) 
(0,0)  (-44,72)  (-124,202)  (0,0) 
(0,0)  (-44,72)  (38,-60)  (0,0) 
(0,0)  (46,-74)  (-106,170)  (0,0) 
(0,0)  (365,-592)  (741/5,-1198/5)  (971/5,-1568/5) 
(0,0)  (34,-56)  (0,0)  (46,-74) 
(0,0)  (-1333/5,2159/5)  (-565,913)  (-1393/5,2259/5) 
(0,0)  (0,0)  (-28,46)  (22,-34) 
(0,0)  (-3,6)  (3,-6)  (-1,2) 
(0,0)  (3,-6)  (-9/5,16/5)  (3,-6) 
(0,0)  (84,-137)  (2,-3)  (84,-137) 
(0,0)  (124,-202)  (0,0)  (44,-72) 
(0,0)  (-38,60)  (0,0)  (44,-72) 
(0,0)  (0,0)  (46,-74)  (34,-56) 
(0,0)  (-5,7)  (-5,7)  (-17,27) 
(0,0)  (0,-1)  (0,-1)  (4,-7) 
(0,0)  (-17,27)  (-5,7)  (-5,7) 
(0,0)  (1333/5,-2159/5)  (-1393/5,2259/5)  (565,-913) 
(0,0)  (1303/5,-2109/5)  (-2043/5,3309/5)  (695,-1123) 
(0,0)  (-5,7)  (-17,27)  (-5,7) 
(0,0)  (365,-592)  (741/5,-1198/5)  (-971/5,1568/5) 
(0,0)  (0,0)  (46,-74)  (-106,170) 
(0,0)  (-46,74)  (0,0)  (-106,170) 
(0,0)  (38,-62)  (0,0)  (-22,34) 
(0,0)  (-1303/5,2109/5)  (695,-1123)  (2043/5,-3309/5) 
(0,0)  (-325,527)  (-751/5,1213/5)  (771/5,-1243/5) 
(0,0)  (565,-913)  (1333/5,-2159/5)  (-1393/5,2259/5) 
(0,0)  (565,-913)  (1393/5,-2259/5)  (-1333/5,2159/5) 
(0,0)  (-325,527)  (-771/5,1243/5)  (751/5,-1213/5) 
(0,0)  (0,0)  (38,-60)  (-44,72) 
(0,0)  (-9/5,16/5)  (3,-6)  (-3,6) 
(0,0)  (46,-74)  (0,0)  (-106,170) 
(0,0)  (0,0)  (-46,74)  (-106,170) 
(0,0)  (1393/5,-2259/5)  (1333/5,-2159/5)  (565,-913) 
(0,0)  (1333/5,-2159/5)  (1393/5,-2259/5)  (565,-913) 
(0,0)  (0,0)  (-106,170)  (46,-74) 
(0,0)  (0,0)  (22,-34)  (38,-62) 
(0,0)  (6,-9)  (-2,3)  (6,-9) 
(0,0)  (-84,137)  (-2,3)  (-84,137) 
(0,0)  (-84,137)  (84,-137)  (2,-3) 
(0,0)  (-44,72)  (124,-202)  (0,0) 
(0,0)  (-4,7)  (0,-1)  (0,-1) 
(0,0)  (365,-592)  (-971/5,1568/5)  (-741/5,1198/5) 
(0,0)  (695,-1123)  (2043/5,-3309/5)  (1303/5,-2109/5) 
(0,0)  (22,-34)  (28,-46)  (0,0) 
(0,0)  (565,-913)  (1393/5,-2259/5)  (1333/5,-2159/5) 
(0,0)  (-38,60)  (-44,72)  (0,0) 
(0,0)  (3,-6)  (-3,6)  (-9/5,16/5) 
(0,0)  (-751/5,1213/5)  (-771/5,1243/5)  (325,-527) 
(0,0)  (-44,72)  (-38,60)  (0,0) 
(0,0)  (-3,6)  (3,-6)  (-9/5,16/5) 
(0,0)  (695,-1123)  (1303/5,-2109/5)  (2043/5,-3309/5) 
(0,0)  (-771/5,1243/5)  (-325,527)  (-751/5,1213/5) 
(0,0)  (-751/5,1213/5)  (-325,527)  (-771/5,1243/5) 
(0,0)  (2,-3)  (6,-9)  (-6,9) 
(0,0)  (751/5,-1213/5)  (771/5,-1243/5)  (325,-527) 
(0,0)  (84,-137)  (-2,3)  (84,-137) 
(0,0)  (741/5,-1198/5)  (-365,592)  (971/5,-1568/5) 
(0,0)  (751/5,-1213/5)  (-325,527)  (771/5,-1243/5) 
(0,0)  (17,-27)  (5,-7)  (5,-7) 
(0,0)  (-1303/5,2109/5)  (-695,1123)  (2043/5,-3309/5) 
(0,0)  (1,-2)  (-3,6)  (-3,6) 
(0,0)  (-17,27)  (-5,7)  (5,-7) 
(0,0)  (-5,7)  (-17,27)  (5,-7) 
(0,0)  (-751/5,1213/5)  (325,-527)  (-771/5,1243/5) 
(0,0)  (0,0)  (124,-202)  (-44,72) 
(0,0)  (0,0)  (-38,60)  (-44,72) 
(0,0)  (22,-34)  (0,0)  (-28,46) 
(0,0)  (17,-27)  (5,-7)  (-5,7) 
(0,0)  (2043/5,-3309/5)  (695,-1123)  (1303/5,-2109/5) 
(0,0)  (1303/5,-2109/5)  (695,-1123)  (2043/5,-3309/5) 
(0,0)  (-44,72)  (0,0)  (-124,202) 
(0,0)  (325,-527)  (-771/5,1243/5)  (751/5,-1213/5) 
(0,0)  (44,-72)  (-124,202)  (0,0) 
(0,0)  (84,-137)  (-84,137)  (2,-3) 
(0,0)  (6,-9)  (-6,9)  (-2,3) 
(0,0)  (-565,913)  (-1333/5,2159/5)  (1393/5,-2259/5) 
(0,0)  (-84,137)  (2,-3)  (84,-137) 
(0,0)  (-44,72)  (0,0)  (124,-202) 
(0,0)  (4,-7)  (0,-1)  (0,1) 
(0,0)  (0,-1)  (0,-1)  (-4,7) 
(0,0)  (-5,7)  (-5,7)  (17,-27) 
(0,0)  (-1393/5,2259/5)  (565,-913)  (-1333/5,2159/5) 
(0,0)  (-2043/5,3309/5)  (695,-1123)  (-1303/5,2109/5) 
(0,0)  (44,-72)  (0,0)  (124,-202) 
(0,0)  (-1393/5,2259/5)  (-1333/5,2159/5)  (565,-913) 
(0,0)  (771/5,-1243/5)  (751/5,-1213/5)  (-325,527) 
(0,0)  (971/5,-1568/5)  (741/5,-1198/5)  (-365,592) 
(0,0)  (-2043/5,3309/5)  (-1303/5,2109/5)  (695,-1123) 
(0,0)  (6,-9)  (6,-9)  (-2,3) 
(0,0)  (-971/5,1568/5)  (-365,592)  (-741/5,1198/5) 
(0,0)  (1393/5,-2259/5)  (565,-913)  (1333/5,-2159/5) 
(0,0)  (-1,2)  (-3,6)  (-3,6) 
(0,0)  (751/5,-1213/5)  (325,-527)  (-771/5,1243/5) 
(0,0)  (0,1)  (-4,7)  (0,-1) 
(0,0)  (-4,7)  (0,1)  (0,-1) 
(0,0)  (741/5,-1198/5)  (971/5,-1568/5)  (-365,592) 
(0,0)  (-1303/5,2109/5)  (-2043/5,3309/5)  (695,-1123) 
(0,0)  (0,0)  (106,-170)  (-46,74) 
(0,0)  (1333/5,-2159/5)  (565,-913)  (-1393/5,2259/5) 
(0,0)  (0,-1)  (4,-7)  (0,1) 
(0,0)  (0,0)  (38,-62)  (-22,34) 
(0,0)  (751/5,-1213/5)  (771/5,-1243/5)  (-325,527) 
(0,0)  (84,-137)  (-84,137)  (-2,3) 
(0,0)  (-695,1123)  (-1303/5,2109/5)  (-2043/5,3309/5) 
(0,0)  (0,1)  (0,1)  (4,-7) 
(0,0)  (106,-170)  (46,-74)  (0,0) 
(0,0)  (-22,34)  (0,0)  (38,-62) 
(0,0)  (-106,170)  (46,-74)  (0,0) 
(0,0)  (-365,592)  (-971/5,1568/5)  (-741/5,1198/5) 
(0,0)  (-325,527)  (-771/5,1243/5)  (-751/5,1213/5) 
(0,0)  (4,-7)  (0,1)  (0,-1) 
(0,0)  (565,-913)  (1333/5,-2159/5)  (1393/5,-2259/5) 
(0,0)  (-1333/5,2159/5)  (-1393/5,2259/5)  (-565,913) 
(0,0)  (-22,34)  (38,-62)  (0,0) 
(0,0)  (-741/5,1198/5)  (-365,592)  (-971/5,1568/5) 
(0,0)  (46,-74)  (106,-170)  (0,0) 
(0,0)  (124,-202)  (-44,72)  (0,0) 
(0,0)  (325,-527)  (751/5,-1213/5)  (-771/5,1243/5) 
(0,0)  (-1333/5,2159/5)  (-1393/5,2259/5)  (565,-913) 
(0,0)  (565,-913)  (-1393/5,2259/5)  (1333/5,-2159/5) 
(0,0)  (1333/5,-2159/5)  (565,-913)  (1393/5,-2259/5) 
(0,0)  (-17,27)  (5,-7)  (-5,7) 
(0,0)  (-5,7)  (5,-7)  (-17,27) 
(0,0)  (-365,592)  (-741/5,1198/5)  (-971/5,1568/5) 
(0,0)  (-325,527)  (-751/5,1213/5)  (-771/5,1243/5) 
(0,0)  (325,-527)  (-771/5,1243/5)  (-751/5,1213/5) 
(0,0)  (-565,913)  (-1333/5,2159/5)  (-1393/5,2259/5) 
(0,0)  (325,-527)  (-751/5,1213/5)  (771/5,-1243/5) 
(0,0)  (695,-1123)  (-2043/5,3309/5)  (-1303/5,2109/5) 
(0,0)  (-325,527)  (771/5,-1243/5)  (-751/5,1213/5) 
(0,0)  (-1303/5,2109/5)  (695,-1123)  (-2043/5,3309/5) 
(0,0)  (695,-1123)  (-2043/5,3309/5)  (1303/5,-2109/5) 
(0,0)  (-106,170)  (0,0)  (46,-74) 
(0,0)  (-565,913)  (1393/5,-2259/5)  (1333/5,-2159/5) 
(0,0)  (-5,7)  (17,-27)  (-5,7) 
(0,0)  (-565,913)  (1333/5,-2159/5)  (1393/5,-2259/5) 
(0,0)  (-2,3)  (84,-137)  (-84,137) 
(0,0)  (44,-72)  (0,0)  (38,-60) 
(0,0)  (-1333/5,2159/5)  (565,-913)  (-1393/5,2259/5) 



0



576
4 0 1 2 3
4 4 5 6 7
4 8 9 10 11
4 12 13 14 15
4 16 17 18 19
4 20 21 22 23
4 24 25 26 27
4 28 29 30 31
4 32 33 34 35
4 36 37 38 39
4 40 41 42 43
4 44 45 46 47
4 48 49 50 51
4 52 53 54 55
4 56 57 58 59
4 60 61 62 63
4 64 65 66 67
4 68 69 70 71
4 72 73 6 74
4 75 76 77 78
4 68 79 80 81
4 35 62 82 32
4 83 84 85 86
4 87 88 89 80
4 90 91 92 87
4 93 70 61 94
4 95 92 65 96
4 97 98 99 100
4 101 37 84 102
4 103 104 105 106
4 107 108 109 110
4 111 112 113 114
4 115 116 117 118
4 119 120 38 121
4 122 123 124 125
4 126 6 127 128
4 129 130 10 9
4 131 132 133 134
4 13 135 136 14
4 129 137 138 139
4 140 141 142 143
4 144 100 145 146
4 147 148 149 25
4 150 56 151 152
4 111 24 153 154
4 155 156 157 158
4 159 116 34 33
4 160 161 162 163
4 14 136 164 165
4 166 41 120 167
4 168 169 170 171
4 104 172 123 173
4 174 175 139 176
4 3 2 177 178
4 144 179 180 181
4 182 118 117 183
4 184 185 186 187
4 11 10 188 189
4 190 191 192 193
4 194 195 196 197
4 198 145 100 99
4 199 200 132 201
4 26 202 99 98
4 43 203 204 40
4 154 205 112 111
4 206 207 208 209
4 83 210 211 212
4 103 151 213 214
4 6 126 63 62
4 19 215 216 16
4 217 82 218 219
4 71 70 220 221
4 137 222 223 224
4 225 226 28 64
4 87 92 177 2
4 227 70 228 229
4 230 196 216 161
4 231 232 233 234
4 235 236 15 237
4 66 65 20 238
4 239 141 149 148
4 240 77 76 241
4 242 243 244 245
4 69 246 247 85
4 111 116 115 248
4 12 249 250 50
4 194 251 252 253
4 185 57 1 254
4 159 255 256 257
4 169 258 259 170
4 125 124 260 158
4 261 262 263 264
4 265 266 267 268
4 185 92 95 186
4 269 270 271 272
4 8 45 215 273
4 274 148 147 275
4 276 129 277 278
4 279 280 281 282
4 13 52 55 283
4 284 195 37 101
4 285 261 264 286
4 287 288 53 255
4 289 218 120 119
4 290 53 291 292
4 40 204 23 293
4 294 220 295 296
4 262 261 297 298
4 67 66 299 300
4 301 302 303 304
4 237 15 14 165
4 305 306 307 308
4 234 220 70 227
4 309 62 42 310
4 311 117 312 313
4 50 250 314 51
4 57 151 315 58
4 86 316 210 83
4 317 318 247 246
4 282 281 319 320
4 290 24 303 302
4 321 229 233 232
4 298 297 322 323
4 324 321 141 140
4 325 73 322 326
4 327 216 133 328
4 136 135 276 236
4 223 150 78 329
4 275 147 330 331
4 110 200 261 107
4 332 333 334 335
4 71 336 79 68
4 118 60 63 115
4 337 97 127 338
4 47 278 277 44
4 339 340 341 342
4 25 24 333 343
4 344 238 20 345
4 148 274 346 239
4 221 220 347 81
4 279 348 295 320
4 349 350 351 352
4 172 353 124 123
4 354 355 292 356
4 357 91 90 358
4 337 343 333 332
4 356 292 291 359
4 119 225 360 289
4 199 361 362 363
4 105 163 162 364
4 72 113 33 32
4 365 366 367 368
4 369 254 1 0
4 93 143 142 370
4 13 12 371 372
4 373 42 61 374
4 21 140 307 306
4 111 183 375 334
4 197 196 156 376
4 222 377 378 208
4 25 149 379 380
4 190 145 5 304
4 149 130 270 379
4 274 348 228 346
4 181 180 381 146
4 152 75 78 150
4 219 287 382 217
4 383 384 100 385
4 128 127 61 60
4 92 20 316 211
4 386 120 84 387
4 32 82 73 72
4 323 388 283 298
4 389 380 379 390
4 331 127 97 275
4 391 45 384 383
4 392 28 172 393
4 229 321 324 227
4 250 249 394 395
4 255 53 396 351
4 51 132 200 48
4 397 398 57 185
4 29 255 351 350
4 399 58 315 241
4 400 27 26 98
4 86 85 401 212
4 127 331 346 228
4 354 73 264 359
4 402 61 42 403
4 21 20 318 317
4 283 388 290 13
4 242 82 62 309
4 330 239 346 331
4 153 404 326 4
4 370 228 70 93
4 370 142 405 406
4 155 173 123 122
4 224 152 151 137
4 308 70 69 305
4 273 215 407 189
4 328 133 157 408
4 409 37 156 410
4 183 141 239 330
4 294 411 207 206
4 272 271 380 389
4 309 412 243 242
4 394 104 173 260
4 36 413 414 387
4 25 415 202 26
4 369 195 401 178
4 387 84 37 36
4 121 38 258 416
4 134 417 418 131
4 402 419 420 421
4 214 213 422 423
4 52 29 350 424
4 425 426 427 428
4 60 118 182 128
4 427 426 56 88
4 56 222 208 207
4 163 394 429 160
4 130 415 271 270
4 230 106 105 364
4 286 396 424 285
4 430 392 431 409
4 276 135 381 180
4 415 276 180 179
4 297 165 164 145
4 3 347 432 0
4 27 433 135 24
4 125 200 259 122
4 389 97 100 272
4 338 375 343 337
4 394 249 434 435
4 165 297 132 237
4 428 427 436 437
4 253 252 438 376
4 146 145 46 181
4 102 84 401 439
4 151 56 59 315
4 128 182 248 126
4 368 149 377 365
4 421 62 61 402
4 205 325 326 404
4 116 111 114 34
4 421 420 440 403
4 222 130 267 266
4 363 261 200 199
4 181 46 100 144
4 363 362 372 441
4 103 429 17 341
4 151 103 341 340
4 202 415 135 433
4 20 65 210 316
4 212 211 316 86
4 88 56 207 411
4 87 21 317 90
4 442 57 56 426
4 35 34 114 74
4 353 394 260 124
4 28 184 413 443
4 300 120 41 444
4 339 76 215 19
4 135 13 192 191
4 441 372 371 201
4 358 347 401 357
4 249 429 445 434
4 273 446 9 8
4 345 64 67 344
4 447 256 448 167
4 108 168 29 52
4 249 12 418 417
4 132 51 314 133
4 266 365 377 222
4 161 216 157 162
4 449 450 415 130
4 52 353 109 108
4 196 423 422 76
4 184 28 392 430
4 29 172 451 30
4 385 100 46 452
4 129 249 417 277
4 385 450 449 383
4 49 395 394 353
4 137 151 340 18
4 318 20 92 91
4 245 41 82 242
4 48 200 157 453
4 117 116 420 419
4 377 88 411 378
4 195 284 439 401
4 447 218 82 454
4 91 357 247 318
4 455 393 172 104
4 269 384 348 390
4 53 52 424 396
4 349 258 261 285
4 209 407 77 206
4 39 38 120 386
4 178 401 347 3
4 41 245 310 42
4 197 456 251 194
4 96 102 439 95
4 171 172 29 168
4 141 377 319 281
4 386 457 443 39
4 106 160 429 103
4 406 127 228 370
4 305 69 42 373
4 306 313 312 21
4 342 196 76 339
4 360 458 416 289
4 187 96 65 184
4 335 6 5 332
4 57 87 2 1
4 403 42 62 421
4 388 323 263 54
4 304 5 322 301
4 193 297 145 190
4 101 187 186 284
4 335 334 375 338
4 5 4 326 322
4 255 159 382 287
4 240 59 58 399
4 74 6 62 35
4 436 442 459 437
4 332 5 97 337
4 399 432 77 240
4 174 133 216 460
4 410 156 259 461
4 462 451 31 463
4 353 12 50 49
4 464 465 452 391
4 286 264 218 352
4 243 412 116 159
4 393 461 431 392
4 186 95 439 284
4 246 69 347 358
4 466 112 53 288
4 130 129 464 449
4 176 45 133 174
4 347 437 459 432
4 25 183 330 147
4 185 103 214 397
4 453 157 133 314
4 238 467 299 66
4 88 87 436 427
4 373 313 306 305
4 468 312 116 412
4 469 224 223 329
4 21 312 203 22
4 329 407 215 469
4 200 110 170 259
4 24 135 191 303
4 359 264 322 356
4 268 384 407 265
4 454 257 256 447
4 384 268 367 348
4 241 76 432 399
4 184 104 438 252
4 444 344 67 300
4 227 324 231 234
4 429 137 18 17
4 175 174 460 470
4 37 409 431 38
4 423 196 195 471
4 215 472 460 216
4 176 139 138 472
4 47 46 132 131
4 167 448 473 166
4 45 391 452 46
4 135 415 179 381
4 429 394 435 445
4 169 168 108 107
4 296 378 411 294
4 395 453 314 250
4 16 216 196 342
4 342 341 17 16
4 140 21 79 336
4 94 61 127 406
4 463 38 259 462
4 184 65 414 413
4 82 217 474 73
4 475 258 38 463
4 358 90 317 246
4 88 377 232 231
4 7 154 153 4
4 476 288 287 219
4 87 57 442 436
4 53 112 355 291
4 467 85 84 299
4 406 405 477 94
4 74 114 113 72
4 338 127 6 335
4 149 141 281 280
4 366 295 348 367
4 301 322 297 193
4 248 115 63 126
4 19 18 340 339
4 320 319 280 279
4 70 308 374 61
4 345 312 468 244
4 345 20 23 204
4 312 345 204 203
4 7 6 73 325
4 293 23 22 478
4 104 184 430 455
4 220 234 233 295
4 479 432 76 422
4 54 53 290 388
4 161 160 106 230
4 244 468 310 245
4 137 429 470 138
4 198 433 27 400
4 167 120 218 447
4 288 476 474 466
4 323 322 264 263
4 236 235 164 136
4 12 276 278 418
4 272 100 384 269
4 320 295 228 282
4 476 264 73 474
4 408 435 434 328
4 212 401 84 83
4 265 407 295 366
4 13 290 302 192
4 109 171 170 110
4 21 87 80 79
4 450 385 452 465
4 307 311 374 308
4 24 111 334 333
4 298 283 55 262
4 75 152 224 469
4 0 432 195 369
4 352 351 396 286
4 400 5 145 198
4 129 276 465 464
4 44 277 417 134
4 255 29 458 360
4 138 470 460 472
4 117 140 143 477
4 209 208 378 296
4 356 322 73 354
4 465 276 415 450
4 112 290 292 355
4 141 183 405 142
4 64 28 443 457
4 462 259 258 475
4 12 353 361 371
4 352 218 258 349
4 222 137 446 188
4 137 129 9 446
4 353 52 362 361
4 387 414 457 386
4 131 418 278 47
4 428 220 77 425
4 121 226 225 119
4 241 315 59 240
4 65 92 211 210
4 139 175 249 129
4 461 393 455 410
4 94 477 143 93
4 166 473 257 454
4 140 117 311 307
4 130 222 188 10
4 325 205 154 7
4 55 54 263 262
4 255 64 448 256
4 383 449 464 391
4 412 309 310 468
4 219 218 264 476
4 120 300 299 84
4 112 159 33 113
4 98 97 5 400
4 479 398 397 471
4 221 89 336 71
4 353 172 171 109
4 218 289 416 258
4 467 238 344 444
4 43 42 69 478
4 296 295 407 209
4 134 133 45 44
4 201 132 297 441
4 275 97 348 274
4 52 13 372 362
4 426 425 459 442
4 193 192 302 301
4 345 159 257 473
4 478 22 203 43
4 454 82 41 166
4 285 424 350 349
4 470 429 249 175
4 178 177 254 369
4 107 261 258 169
4 478 69 85 293
4 410 455 430 409
4 156 364 162 157
4 130 149 368 267
4 159 112 466 382
4 88 140 336 89
4 185 184 252 251
4 444 41 85 467
4 328 434 445 327
4 140 88 231 324
4 267 368 367 268
4 183 111 248 182
4 253 37 195 194
4 364 156 196 230
4 366 365 266 265
4 104 103 456 438
4 475 30 451 462
4 206 77 220 294
4 313 373 374 311
4 404 290 112 205
4 235 46 145 164
4 116 312 440 420
4 390 379 270 269
4 376 438 456 197
4 408 157 216 327
4 304 303 191 190
4 377 149 280 319
4 441 297 261 363
4 158 157 200 125
4 390 348 97 389
4 472 215 45 176
4 237 132 46 235
4 201 371 361 199
4 359 291 355 354
4 471 195 432 479
4 64 255 360 225
4 407 329 78 77
4 92 185 254 177
4 463 31 30 475
4 453 395 49 48
4 81 80 89 221
4 122 259 156 155
4 469 215 76 75
4 189 188 446 273
4 433 198 99 202
4 104 394 163 105
4 403 440 419 402
4 425 77 432 459
4 398 479 422 213
4 24 290 404 153
4 458 29 28 226
4 11 384 45 8
4 39 443 413 36
4 146 381 179 144
4 382 466 474 217
4 226 121 416 458
4 282 228 348 279
4 222 56 150 223
4 189 407 384 11
4 81 347 69 68
4 64 345 473 448
4 102 96 187 101
4 158 260 173 155
4 415 25 380 271
4 461 259 38 431
4 103 185 251 456
4 312 117 419 440
4 229 228 295 233
4 172 28 31 451
4 183 25 343 375
4 471 397 214 423
4 213 151 57 398
4 357 401 85 247
4 15 236 276 12
4 437 347 220 428
4 65 64 457 414
4 293 85 41 40
4 159 345 244 243
4 376 156 37 253
4 232 377 141 321
4 183 117 477 405
4 327 445 435 408



0


