vZome VEF 6 field rootThree
 scale  (1/3,0) 

11
(0,0)  (0,2)  (0,0)  (0,-2/3) 
(0,0)  (0,2/3)  (0,0)  (0,0) 
(0,0)  (0,2)  (0,2/3)  (0,0) 
(0,0)  (0,2)  (0,-2/3)  (0,0) 
(0,0)  (0,2)  (0,0)  (0,2/3) 
(0,0)  (6,-2)  (0,0)  (0,-2/3) 
(0,0)  (6,-2)  (0,-2/3)  (0,0) 
(0,0)  (6,-2)  (0,0)  (0,2/3) 
(0,0)  (6,-2)  (0,2/3)  (0,0) 
(0,0)  (6,-2/3)  (0,0)  (0,0) 
(0,0)  (6,0)  (0,0)  (0,0) 



0



12
3 0 1 2
3 3 4 1
4 3 0 5 6
4 6 7 4 3
3 8 7 9
3 6 5 9
3 9 5 8
3 1 0 3
3 9 7 6
4 7 8 2 4
4 0 2 8 5
3 4 2 1



6
 6 9 8 5 10 7

tip 10
