vZome VEF 6 field rootThree
 scale  (1/3,0) 

11
(0,0)  (4,8)  (0,4)  (0,2/3) 
(0,0)  (1/6,1/3)  (0,1/6)  (0,0) 
(0,0)  (1/2,1)  (0,1/2)  (0,2/3) 
(0,0)  (1/2,1)  (0,7/6)  (0,0) 
(0,0)  (4,8)  (0,4)  (0,-2/3) 
(0,0)  (4,8)  (0,14/3)  (0,0) 
(0,0)  (13/3,26/3)  (0,13/3)  (0,0) 
(0,0)  (4,8)  (0,10/3)  (0,0) 
(0,0)  (1/2,1)  (0,-1/6)  (0,0) 
(0,0)  (1/2,1)  (0,1/2)  (0,-2/3) 
(0,0)  (9/2,9)  (0,9/2)  (0,0) 



0



12
3 1 2 3
3 4 5 6
4 7 0 2 8
3 1 9 8
3 0 7 6
4 0 5 3 2
4 5 4 9 3
3 6 5 0
3 3 9 1
4 8 9 4 7
3 6 7 4
3 8 2 1



6
 0 6 4 5 7 10

tip 10
