vZome VEF 6 field rootTwo
 scale  (1/2,0) 

13
(0,0)  (0,3)  (0,11/4)  (0,13/4) 
(0,0)  (0,11/4)  (0,13/4)  (0,3) 
(0,0)  (0,3/4)  (0,5/4)  (0,1) 
(0,0)  (0,1)  (0,3/4)  (0,5/4) 
(0,0)  (-1/4,7/2)  (-1/4,7/2)  (-1/4,4) 
(0,0)  (-1/4,7/2)  (-1/4,4)  (-1/4,7/2) 
(0,0)  (1/4,0)  (1/4,1/2)  (1/4,1/2) 
(0,0)  (1/4,1/2)  (1/4,0)  (1/4,1/2) 
(0,0)  (-1/4,4)  (-1/4,7/2)  (-1/4,7/2) 
(0,0)  (0,13/4)  (0,3)  (0,11/4) 
(0,0)  (0,5/4)  (0,1)  (0,3/4) 
(0,0)  (1/4,1/2)  (1/4,1/2)  (1/4,0) 
(0,0)  (0,4)  (0,4)  (0,4) 



0



15
4 0 1 2 3
3 4 5 1
3 6 7 3
3 4 0 8
3 8 9 5
4 10 2 1 9
3 3 7 10
3 0 9 8
3 2 10 11
3 2 6 3
4 9 0 3 10
3 6 2 11
3 0 4 1
3 11 10 7
3 5 9 1



7
 1 5 0 9 4 8 12

tip 12
