vZome VEF 6 field rootTwo
 scale  (1/2,0) 

13
(0,0)  (3,1/2)  (3,-1/2)  (3,0) 
(0,0)  (3,0)  (3,1/2)  (3,-1/2) 
(0,0)  (15/4,0)  (15/4,0)  (13/4,0) 
(0,0)  (1,0)  (1,1/2)  (1,-1/2) 
(0,0)  (3/4,0)  (1/4,0)  (1/4,0) 
(0,0)  (1/4,0)  (3/4,0)  (1/4,0) 
(0,0)  (3,-1/2)  (3,0)  (3,1/2) 
(0,0)  (4,0)  (4,0)  (4,0) 
(0,0)  (1,-1/2)  (1,0)  (1,1/2) 
(0,0)  (1,1/2)  (1,-1/2)  (1,0) 
(0,0)  (15/4,0)  (13/4,0)  (15/4,0) 
(0,0)  (1/4,0)  (1/4,0)  (3/4,0) 
(0,0)  (13/4,0)  (15/4,0)  (15/4,0) 



0



15
3 0 1 2
3 3 4 5
4 0 6 8 9
3 9 8 11
3 2 1 12
3 3 9 4
3 9 11 4
3 12 1 6
3 0 10 6
4 1 0 9 3
3 8 3 5
3 8 5 11
3 10 12 6
3 0 2 10
4 6 1 3 8



7
 1 2 0 6 7 10 12

tip 7
