vZome VEF 6 field sqrtPhi

scale (0,1/16,0,0)

13
(0,0,0,0) (0,1,0,1/2) (0,0,0,0) (0,3/2,0,1)
(0,0,0,0) (0,5/4,0,3/4) (0,-1/2,0,-1/4) (0,19/4,0,3)
(0,0,0,0) (0,7/4,0,1) (0,5/4,0,3/4) (0,9/2,0,11/4)
(0,0,0,0) (0,5/2,0,3/2) (0,-3/2,0,-1) (0,4,0,5/2)
(0,0,0,0) (0,13/4,0,2) (0,5/4,0,3/4) (0,7/2,0,9/4)
(0,0,0,0) (0,15/4,0,9/4) (0,-1/2,0,-1/4) (0,13/4,0,2)
(0,0,0,0) (0,69/4,0,43/4) (0,-1/2,0,-1/4) (0,123/4,0,19)
(0,0,0,0) (0,71/4,0,11) (0,5/4,0,3/4) (0,61/2,0,75/4)
(0,0,0,0) (0,37/2,0,23/2) (0,-3/2,0,-1) (0,30,0,37/2)
(0,0,0,0) (0,77/4,0,12) (0,5/4,0,3/4) (0,59/2,0,73/4)
(0,0,0,0) (0,79/4,0,49/4) (0,-1/2,0,-1/4) (0,117/4,0,18)
(0,0,0,0) (0,20,0,25/2) (0,0,0,0) (0,65/2,0,20)
(0,0,0,0) (0,21,0,13) (0,0,0,0) (0,34,0,21)



0



15
3  2 0 1 
3  2 4 0 
3  3 0 5 
3  3 1 0 
3  4 5 0 
3  7 6 11 
3  7 11 9 
3  9 11 10 
3  11 6 8 
3  11 8 10 
4  2 1 6 7 
4  2 7 9 4 
4  3 5 10 8 
4  3 8 6 1 
4  9 10 5 4 



7
6 7 8 9 10 11 12 


tip 12

