vZome VEF 6 field golden

11
(0,0) (0,4) (7/2,-11/2) (3/2,-1)
(0,0) (-2,8) (9,-14) (4,-5)
(0,0) (0,4) (9/2,-13/2) (3/2,-1)
(0,0) (2,-2) (-5/2,9/2) (-1/2,1)
(0,0) (0,4) (9/2,-13/2) (5/2,-3)
(0,0) (0,4) (7/2,-11/2) (5/2,-3)
(0,0) (2,-2) (-7/2,11/2) (-1/2,1)
(0,0) (2,-2) (-7/2,11/2) (-3/2,3)
(0,0) (2,-2) (-5/2,9/2) (-3/2,3)
(0,0) (4,-6) (-8,13) (-3,5)
(0,0) (2,2) (1,-1) (1,0)



0



12
3 0 1 2
4 3 4 5 6
3 5 1 0
4 7 0 2 8
3 2 1 4
3 9 6 7
3 7 8 9
4 8 2 4 3
4 6 5 0 7
3 3 6 9
3 4 1 5
3 9 8 3



6
 5 4 10 1 2 0

tip 10
