vZome VEF 6 field golden

11
(0,0) (-1,3) (-1/2,1/2) (3/2,-2)
(0,0) (4,-2) (-1/2,1/2) (-5/2,5)
(0,0) (4,-2) (1/2,-1/2) (-5/2,5)
(0,0) (-1,3) (1/2,-1/2) (3/2,-2)
(0,0) (-1,3) (-1/2,1/2) (5/2,-4)
(0,0) (4,-2) (-1/2,1/2) (-3/2,3)
(0,0) (-4,7) (0,0) (5,-8)
(0,0) (-1,3) (1/2,-1/2) (5/2,-4)
(0,0) (4,-2) (1/2,-1/2) (-3/2,3)
(0,0) (7,-6) (0,0) (-5,9)
(0,0) (3,1) (0,0) (0,1)



0



12
4 0 1 2 3
4 4 5 1 0
3 6 7 4
4 7 8 5 4
3 9 5 8
3 4 0 6
3 6 0 3
3 9 2 1
3 8 2 9
4 2 8 7 3
3 6 3 7
3 1 5 9



6
 8 10 1 9 5 2

tip 10
