vZome VEF 6 field golden

11
(0,0)  (-8,8)  (0,4)  (-4,4) 
(0,0)  (-4,2)  (1/2,5/2)  (-3/2,0) 
(0,0)  (-9/2,5/2)  (3/2,1)  (-2,1) 
(0,0)  (6,-10)  (2,-3)  (3,-5) 
(0,0)  (3/2,-7/2)  (3/2,-2)  (1,-2) 
(0,0)  (2,-4)  (1/2,-1/2)  (3/2,-3) 
(0,0)  (-4,2)  (3/2,3/2)  (-5/2,2) 
(0,0)  (5/2,-9/2)  (1/2,0)  (1,-2) 
(0,0)  (-7/2,3/2)  (1/2,3)  (-2,1) 
(0,0)  (-2,-2)  (2,1)  (-1,-1) 
(0,0)  (2,-4)  (3/2,-3/2)  (1/2,-1) 



0



12
3 0 1 2
3 3 4 5
4 7 5 1 8
4 5 4 2 1
3 3 7 10
3 8 1 0
4 8 6 10 7
3 10 4 3
4 6 2 4 10
3 5 7 3
3 0 6 8
3 0 2 6



6
 6 9 2 0 8 1

tip 9
