vZome VEF 6 field golden

11
(0,0) (-3,6) (3/2,-5/2) (-1/2,1)
(0,0) (-3,6) (5/2,-7/2) (-1/2,1)
(0,0) (-9,15) (5,-8) (0,0)
(0,0) (-3,6) (5/2,-7/2) (1/2,-1)
(0,0) (15,-21) (-13/2,23/2) (1/2,-1)
(0,0) (15,-21) (-15/2,25/2) (1/2,-1)
(0,0) (-3,6) (3/2,-5/2) (1/2,-1)
(0,0) (15,-21) (-15/2,25/2) (-1/2,1)
(0,0) (15,-21) (-13/2,23/2) (-1/2,1)
(0,0) (21,-30) (-10,17) (0,0)
(0,0) (3,0) (0,1) (0,0)



0



12
3 0 1 2
4 3 4 5 6
4 0 7 8 1
3 5 4 9
4 1 8 4 3
3 8 7 9
3 2 6 0
3 2 1 3
3 9 7 5
3 3 6 2
4 6 5 7 0
3 9 4 8



6
 5 7 8 10 9 4

tip 10
